[1]
[2, 3, 4, 5, 7, 8, 9, 13, 20, 21, 22, 24, 26, 31, 32, 33, 34, 36, 38, 39, 40, 41, 42, 43, 47, 48, 49, 50, 53, 59, 60, 61, 62, 63, 64, 66, 67, 68, 69, 72, 74, 75, 77, 78, 79, 81, 82, 83, 84, 85, 86, 88, 89, 91, 92, 93, 94, 95, 97, 98, 99, 101, 103, 104, 108, 110, 111, 114, 115, 116, 118, 120, 121, 122, 124, 125, 126, 131, 132, 133, 134, 136, 137, 138, 139, 140, 142, 143, 144, 145, 146, 148, 149, 151, 152, 153, 155, 157, 159, 160, 161, 163, 164, 166, 168, 169, 171, 172, 175, 176, 177, 178, 179, 182, 183, 184, 185, 186, 187, 188, 189, 190, 191, 192, 193, 194, 196, 197, 198, 199, 200, 201, 205, 215, 216, 217, 218, 219, 224, 225, 228, 230, 234, 235, 236, 237, 238, 239, 240, 241, 243, 244, 245, 248, 249, 250, 251, 253, 254, 255, 257, 260, 261, 263, 265, 266, 267, 270, 271, 273, 274, 275, 277, 279, 281, 282, 283, 287, 288, 290, 291, 292, 293, 295, 297, 298, 299, 300, 302, 303, 304, 307, 308, 309, 314, 316, 317, 319, 320, 321, 324, 327, 328, 330, 333, 334, 338, 339, 340, 342, 344, 345, 346, 350, 352, 354, 355, 362, 363, 365, 367, 369, 370, 371, 373, 375, 378, 379, 381, 382, 383, 385, 386, 387, 389, 390, 391, 394, 396, 398, 399, 400, 401, 402, 406, 407, 408, 409, 410, 415, 416, 417, 418, 419, 420, 421, 422, 425, 426, 427, 428, 430, 431, 432, 433, 437, 439, 440, 441, 442, 443, 447, 448, 449, 450, 453, 454, 455, 456, 458, 460, 462, 464, 466, 467, 471, 473, 476, 478, 479, 480, 483, 486, 487, 488, 491, 493, 494, 495, 496, 497, 500, 501, 502, 503, 508, 510, 513, 516, 517, 519, 520, 521, 522, 523, 524, 525, 527, 528, 530, 531, 532, 533, 535, 536, 538, 541, 542, 544, 545, 546, 548, 550, 551, 552, 553, 554, 555, 556, 558, 559, 560, 561, 562, 563, 567, 568, 569, 570, 572, 574, 576, 577, 578, 582, 584, 586, 588, 589, 590, 592, 593, 594, 595, 597, 599, 602, 603, 606, 610, 612, 613, 614, 615, 617, 619, 620, 621, 622, 623, 625, 626, 627, 628, 629, 632, 633, 635, 639, 641, 644, 646, 647, 648, 649, 652, 653, 655, 656, 657, 658, 659, 660, 662, 666, 667, 670, 671]
[6]
[10]
[11]
[12]
[14]
[15]
[16]
[17]
[18, 25, 44, 55, 70, 87, 90, 100, 112, 162, 173, 211, 223, 233, 252, 256, 284, 318, 329, 343, 361, 413, 459, 484, 490, 507, 543, 616, 636, 640]
[19, 514, 537]
[23]
[27]
[28, 96, 231, 278, 360, 376, 436, 630]
[29]
[30]
[35]
[37]
[45]
[46]
[51]
[52]
[54]
[56]
[57]
[58, 202, 286]
[65]
[71]
[73]
[76]
[80]
[102]
[105]
[106]
[107]
[109]
[113]
[117]
[119]
[123]
[127]
[128]
[129]
[130]
[135]
[141]
[147]
[150]
[154]
[156]
[158]
[165]
[167]
[170]
[174]
[180]
[181]
[195]
[203]
[204]
[206]
[207]
[208]
[209]
[210]
[212]
[213]
[214]
[220]
[221]
[222]
[226]
[227]
[229]
[232]
[242]
[246]
[247]
[258]
[259]
[262]
[264]
[268]
[269]
[272]
[276]
[280]
[285]
[289]
[294]
[296]
[301]
[305]
[306]
[310]
[311]
[312]
[313]
[315]
[322]
[323]
[325]
[326]
[331]
[332]
[335]
[336]
[337]
[341]
[347]
[348]
[349]
[351]
[353]
[356]
[357]
[358]
[359]
[364]
[366]
[368]
[372]
[374]
[377]
[380]
[384]
[388]
[392]
[393]
[395]
[397]
[403]
[404]
[405]
[411]
[412]
[414]
[423]
[424]
[429]
[434]
[435]
[438]
[444]
[445]
[446]
[451]
[452]
[457]
[461]
[463]
[465]
[468]
[469]
[470]
[472]
[474]
[475]
[477]
[481]
[482]
[485]
[489]
[492]
[498]
[499]
[504]
[505]
[506]
[509]
[511]
[512]
[515]
[518]
[526]
[529]
[534]
[539]
[540]
[547]
[549]
[557]
[564]
[565]
[566]
[571]
[573]
[575]
[579]
[580]
[581]
[583]
[585]
[587]
[591]
[596]
[598]
[600]
[601]
[604]
[605]
[607]
[608]
[609]
[611]
[618]
[624]
[631]
[634]
[637]
[638]
[642]
[643]
[645]
[650]
[651]
[654]
[661]
[663]
[664]
[665]
[668]
[669]
